0 5 4 6 0 6 1 0 0
1 5 4 2 0 6 1 0 0
2 5 60 62 0 6 1 0 0
3 5 60 58 0 6 1 0 0
4 4 0 8 0 6 0 0 0
5 4 0 16 0 6 0 0 0
6 4 0 24 0 6 0 0 0
7 4 0 32 0 6 0 0 0
8 4 0 40 0 6 0 0 0
9 4 0 48 0 6 0 0 0
10 4 0 56 0 6 0 0 0
11 4 0 1 0 6 0 0 0
12 4 0 2 0 6 0 0 0
13 4 0 3 0 6 0 0 0
14 4 0 4 0 6 0 0 0
15 4 0 5 0 6 0 0 0
16 4 0 6 0 6 0 0 0
17 4 0 7 0 6 0 0 0
18 4 0 9 0 6 0 0 0
19 4 0 18 0 6 0 0 0
20 4 0 27 0 6 0 0 0
21 4 0 36 0 6 0 0 0
22 4 0 45 0 6 0 0 0
23 4 0 54 0 6 0 0 0
24 4 0 63 0 6 0 0 0
25 4 1 9 0 6 0 0 0
26 4 1 17 0 6 0 0 0
27 4 1 25 0 6 0 0 0
28 4 1 33 0 6 0 0 0
29 4 1 41 0 6 0 0 0
30 4 1 49 0 6 0 0 0
31 4 1 57 0 6 0 0 0
32 4 1 2 0 6 0 0 0
33 4 1 3 0 6 0 0 0
34 4 1 4 0 6 0 0 0
35 4 1 5 0 6 0 0 0
36 4 1 6 0 6 0 0 0
37 4 1 7 0 6 0 0 0
38 4 1 0 0 6 0 0 0
39 4 1 10 0 6 0 0 0
40 4 1 19 0 6 0 0 0
41 4 1 28 0 6 0 0 0
42 4 1 37 0 6 0 0 0
43 4 1 46 0 6 0 0 0
44 4 1 55 0 6 0 0 0
45 4 1 8 0 6 0 0 0
46 4 2 10 0 6 0 0 0
47 4 2 18 0 6 0 0 0
48 4 2 26 0 6 0 0 0
49 4 2 34 0 6 0 0 0
50 4 2 42 0 6 0 0 0
51 4 2 50 0 6 0 0 0
52 4 2 58 0 6 0 0 0
53 4 2 3 0 6 0 0 0
54 4 2 4 0 6 0 0 0
55 4 2 5 0 6 0 0 0
56 4 2 6 0 6 0 0 0
57 4 2 7 0 6 0 0 0
58 4 2 1 0 6 0 0 0
59 4 2 0 0 6 0 0 0
60 4 2 11 0 6 0 0 0
61 4 2 20 0 6 0 0 0
62 4 2 29 0 6 0 0 0
63 4 2 38 0 6 0 0 0
64 4 2 47 0 6 0 0 0
65 4 2 9 0 6 0 0 0
66 4 2 16 0 6 0 0 0
67 4 3 11 0 6 0 0 0
68 4 3 19 0 6 0 0 0
69 4 3 27 0 6 0 0 0
70 4 3 35 0 6 0 0 0
71 4 3 43 0 6 0 0 0
72 4 3 51 0 6 0 0 0
73 4 3 59 0 6 0 0 0
74 4 3 4 0 6 0 0 0
75 4 3 5 0 6 0 0 0
76 4 3 6 0 6 0 0 0
77 4 3 7 0 6 0 0 0
78 4 3 2 0 6 0 0 0
79 4 3 1 0 6 0 0 0
80 4 3 0 0 6 0 0 0
81 4 3 12 0 6 0 0 0
82 4 3 21 0 6 0 0 0
83 4 3 30 0 6 0 0 0
84 4 3 39 0 6 0 0 0
85 4 3 10 0 6 0 0 0
86 4 3 17 0 6 0 0 0
87 4 3 24 0 6 0 0 0
88 4 4 12 0 6 0 0 0
89 4 4 20 0 6 0 0 0
90 4 4 28 0 6 0 0 0
91 4 4 36 0 6 0 0 0
92 4 4 44 0 6 0 0 0
93 4 4 52 0 6 0 0 0
94 4 4 60 0 6 0 0 0
95 4 4 5 0 6 0 0 0
96 4 4 6 0 6 0 0 0
97 4 4 7 0 6 0 0 0
98 4 4 3 0 6 0 0 0
99 4 4 2 0 6 0 0 0
100 4 4 1 0 6 0 0 0
101 4 4 0 0 6 0 0 0
102 4 4 13 0 6 0 0 0
103 4 4 22 0 6 0 0 0
104 4 4 31 0 6 0 0 0
105 4 4 11 0 6 0 0 0
106 4 4 18 0 6 0 0 0
107 4 4 25 0 6 0 0 0
108 4 4 32 0 6 0 0 0
109 4 5 13 0 6 0 0 0
110 4 5 21 0 6 0 0 0
111 4 5 29 0 6 0 0 0
112 4 5 37 0 6 0 0 0
113 4 5 45 0 6 0 0 0
114 4 5 53 0 6 0 0 0
115 4 5 61 0 6 0 0 0
116 4 5 6 0 6 0 0 0
117 4 5 7 0 6 0 0 0
118 4 5 4 0 6 0 0 0
119 4 5 3 0 6 0 0 0
120 4 5 2 0 6 0 0 0
121 4 5 1 0 6 0 0 0
122 4 5 0 0 6 0 0 0
123 4 5 14 0 6 0 0 0
124 4 5 23 0 6 0 0 0
125 4 5 12 0 6 0 0 0
126 4 5 19 0 6 0 0 0
127 4 5 26 0 6 0 0 0
128 4 5 33 0 6 0 0 0
129 4 5 40 0 6 0 0 0
130 4 6 14 0 6 0 0 0
131 4 6 22 0 6 0 0 0
132 4 6 30 0 6 0 0 0
133 4 6 38 0 6 0 0 0
134 4 6 46 0 6 0 0 0
135 4 6 54 0 6 0 0 0
136 4 6 62 0 6 0 0 0
137 4 6 7 0 6 0 0 0
138 4 6 5 0 6 0 0 0
139 4 6 4 0 6 0 0 0
140 4 6 3 0 6 0 0 0
141 4 6 2 0 6 0 0 0
142 4 6 1 0 6 0 0 0
143 4 6 0 0 6 0 0 0
144 4 6 15 0 6 0 0 0
145 4 6 13 0 6 0 0 0
146 4 6 20 0 6 0 0 0
147 4 6 27 0 6 0 0 0
148 4 6 34 0 6 0 0 0
149 4 6 41 0 6 0 0 0
150 4 6 48 0 6 0 0 0
151 4 7 15 0 6 0 0 0
152 4 7 23 0 6 0 0 0
153 4 7 31 0 6 0 0 0
154 4 7 39 0 6 0 0 0
155 4 7 47 0 6 0 0 0
156 4 7 55 0 6 0 0 0
157 4 7 63 0 6 0 0 0
158 4 7 6 0 6 0 0 0
159 4 7 5 0 6 0 0 0
160 4 7 4 0 6 0 0 0
161 4 7 3 0 6 0 0 0
162 4 7 2 0 6 0 0 0
163 4 7 1 0 6 0 0 0
164 4 7 0 0 6 0 0 0
165 4 7 14 0 6 0 0 0
166 4 7 21 0 6 0 0 0
167 4 7 28 0 6 0 0 0
168 4 7 35 0 6 0 0 0
169 4 7 42 0 6 0 0 0
170 4 7 49 0 6 0 0 0
171 4 7 56 0 6 0 0 0
172 4 8 16 0 6 0 0 0
173 4 8 24 0 6 0 0 0
174 4 8 32 0 6 0 0 0
175 4 8 40 0 6 0 0 0
176 4 8 48 0 6 0 0 0
177 4 8 56 0 6 0 0 0
178 4 8 0 0 6 0 0 0
179 4 8 9 0 6 0 0 0
180 4 8 10 0 6 0 0 0
181 4 8 11 0 6 0 0 0
182 4 8 12 0 6 0 0 0
183 4 8 13 0 6 0 0 0
184 4 8 14 0 6 0 0 0
185 4 8 15 0 6 0 0 0
186 4 8 17 0 6 0 0 0
187 4 8 26 0 6 0 0 0
188 4 8 35 0 6 0 0 0
189 4 8 44 0 6 0 0 0
190 4 8 53 0 6 0 0 0
191 4 8 62 0 6 0 0 0
192 4 8 1 0 6 0 0 0
193 4 9 17 0 6 0 0 0
194 4 9 25 0 6 0 0 0
195 4 9 33 0 6 0 0 0
196 4 9 41 0 6 0 0 0
197 4 9 49 0 6 0 0 0
198 4 9 57 0 6 0 0 0
199 4 9 1 0 6 0 0 0
200 4 9 10 0 6 0 0 0
201 4 9 11 0 6 0 0 0
202 4 9 12 0 6 0 0 0
203 4 9 13 0 6 0 0 0
204 4 9 14 0 6 0 0 0
205 4 9 15 0 6 0 0 0
206 4 9 8 0 6 0 0 0
207 4 9 18 0 6 0 0 0
208 4 9 27 0 6 0 0 0
209 4 9 36 0 6 0 0 0
210 4 9 45 0 6 0 0 0
211 4 9 54 0 6 0 0 0
212 4 9 63 0 6 0 0 0
213 4 9 0 0 6 0 0 0
214 4 9 16 0 6 0 0 0
215 4 9 2 0 6 0 0 0
216 4 10 18 0 6 0 0 0
217 4 10 26 0 6 0 0 0
218 4 10 34 0 6 0 0 0
219 4 10 42 0 6 0 0 0
220 4 10 50 0 6 0 0 0
221 4 10 58 0 6 0 0 0
222 4 10 2 0 6 0 0 0
223 4 10 11 0 6 0 0 0
224 4 10 12 0 6 0 0 0
225 4 10 13 0 6 0 0 0
226 4 10 14 0 6 0 0 0
227 4 10 15 0 6 0 0 0
228 4 10 9 0 6 0 0 0
229 4 10 8 0 6 0 0 0
230 4 10 19 0 6 0 0 0
231 4 10 28 0 6 0 0 0
232 4 10 37 0 6 0 0 0
233 4 10 46 0 6 0 0 0
234 4 10 55 0 6 0 0 0
235 4 10 1 0 6 0 0 0
236 4 10 17 0 6 0 0 0
237 4 10 24 0 6 0 0 0
238 4 10 3 0 6 0 0 0
239 4 11 19 0 6 0 0 0
240 4 11 27 0 6 0 0 0
241 4 11 35 0 6 0 0 0
242 4 11 43 0 6 0 0 0
243 4 11 51 0 6 0 0 0
244 4 11 59 0 6 0 0 0
245 4 11 3 0 6 0 0 0
246 4 11 12 0 6 0 0 0
247 4 11 13 0 6 0 0 0
248 4 11 14 0 6 0 0 0
249 4 11 15 0 6 0 0 0
250 4 11 10 0 6 0 0 0
251 4 11 9 0 6 0 0 0
252 4 11 8 0 6 0 0 0
253 4 11 20 0 6 0 0 0
254 4 11 29 0 6 0 0 0
255 4 11 38 0 6 0 0 0
256 4 11 47 0 6 0 0 0
257 4 11 2 0 6 0 0 0
258 4 11 18 0 6 0 0 0
259 4 11 25 0 6 0 0 0
260 4 11 32 0 6 0 0 0
261 4 11 4 0 6 0 0 0
262 4 12 20 0 6 0 0 0
263 4 12 28 0 6 0 0 0
264 4 12 36 0 6 0 0 0
265 4 12 44 0 6 0 0 0
266 4 12 52 0 6 0 0 0
267 4 12 60 0 6 0 0 0
268 4 12 4 0 6 0 0 0
269 4 12 13 0 6 0 0 0
270 4 12 14 0 6 0 0 0
271 4 12 15 0 6 0 0 0
272 4 12 11 0 6 0 0 0
273 4 12 10 0 6 0 0 0
274 4 12 9 0 6 0 0 0
275 4 12 8 0 6 0 0 0
276 4 12 21 0 6 0 0 0
277 4 12 30 0 6 0 0 0
278 4 12 39 0 6 0 0 0
279 4 12 3 0 6 0 0 0
280 4 12 19 0 6 0 0 0
281 4 12 26 0 6 0 0 0
282 4 12 33 0 6 0 0 0
283 4 12 40 0 6 0 0 0
284 4 12 5 0 6 0 0 0
285 4 13 21 0 6 0 0 0
286 4 13 29 0 6 0 0 0
287 4 13 37 0 6 0 0 0
288 4 13 45 0 6 0 0 0
289 4 13 53 0 6 0 0 0
290 4 13 61 0 6 0 0 0
291 4 13 5 0 6 0 0 0
292 4 13 14 0 6 0 0 0
293 4 13 15 0 6 0 0 0
294 4 13 12 0 6 0 0 0
295 4 13 11 0 6 0 0 0
296 4 13 10 0 6 0 0 0
297 4 13 9 0 6 0 0 0
298 4 13 8 0 6 0 0 0
299 4 13 22 0 6 0 0 0
300 4 13 31 0 6 0 0 0
301 4 13 4 0 6 0 0 0
302 4 13 20 0 6 0 0 0
303 4 13 27 0 6 0 0 0
304 4 13 34 0 6 0 0 0
305 4 13 41 0 6 0 0 0
306 4 13 48 0 6 0 0 0
307 4 13 6 0 6 0 0 0
308 4 14 22 0 6 0 0 0
309 4 14 30 0 6 0 0 0
310 4 14 38 0 6 0 0 0
311 4 14 46 0 6 0 0 0
312 4 14 54 0 6 0 0 0
313 4 14 62 0 6 0 0 0
314 4 14 6 0 6 0 0 0
315 4 14 15 0 6 0 0 0
316 4 14 13 0 6 0 0 0
317 4 14 12 0 6 0 0 0
318 4 14 11 0 6 0 0 0
319 4 14 10 0 6 0 0 0
320 4 14 9 0 6 0 0 0
321 4 14 8 0 6 0 0 0
322 4 14 23 0 6 0 0 0
323 4 14 5 0 6 0 0 0
324 4 14 21 0 6 0 0 0
325 4 14 28 0 6 0 0 0
326 4 14 35 0 6 0 0 0
327 4 14 42 0 6 0 0 0
328 4 14 49 0 6 0 0 0
329 4 14 56 0 6 0 0 0
330 4 14 7 0 6 0 0 0
331 4 15 23 0 6 0 0 0
332 4 15 31 0 6 0 0 0
333 4 15 39 0 6 0 0 0
334 4 15 47 0 6 0 0 0
335 4 15 55 0 6 0 0 0
336 4 15 63 0 6 0 0 0
337 4 15 7 0 6 0 0 0
338 4 15 14 0 6 0 0 0
339 4 15 13 0 6 0 0 0
340 4 15 12 0 6 0 0 0
341 4 15 11 0 6 0 0 0
342 4 15 10 0 6 0 0 0
343 4 15 9 0 6 0 0 0
344 4 15 8 0 6 0 0 0
345 4 15 6 0 6 0 0 0
346 4 15 22 0 6 0 0 0
347 4 15 29 0 6 0 0 0
348 4 15 36 0 6 0 0 0
349 4 15 43 0 6 0 0 0
350 4 15 50 0 6 0 0 0
351 4 15 57 0 6 0 0 0
352 4 16 24 0 6 0 0 0
353 4 16 32 0 6 0 0 0
354 4 16 40 0 6 0 0 0
355 4 16 48 0 6 0 0 0
356 4 16 56 0 6 0 0 0
357 4 16 8 0 6 0 0 0
358 4 16 0 0 6 0 0 0
359 4 16 17 0 6 0 0 0
360 4 16 18 0 6 0 0 0
361 4 16 19 0 6 0 0 0
362 4 16 20 0 6 0 0 0
363 4 16 21 0 6 0 0 0
364 4 16 22 0 6 0 0 0
365 4 16 23 0 6 0 0 0
366 4 16 25 0 6 0 0 0
367 4 16 34 0 6 0 0 0
368 4 16 43 0 6 0 0 0
369 4 16 52 0 6 0 0 0
370 4 16 61 0 6 0 0 0
371 4 16 9 0 6 0 0 0
372 4 16 2 0 6 0 0 0
373 4 17 25 0 6 0 0 0
374 4 17 33 0 6 0 0 0
375 4 17 41 0 6 0 0 0
376 4 17 49 0 6 0 0 0
377 4 17 57 0 6 0 0 0
378 4 17 9 0 6 0 0 0
379 4 17 1 0 6 0 0 0
380 4 17 18 0 6 0 0 0
381 4 17 19 0 6 0 0 0
382 4 17 20 0 6 0 0 0
383 4 17 21 0 6 0 0 0
384 4 17 22 0 6 0 0 0
385 4 17 23 0 6 0 0 0
386 4 17 16 0 6 0 0 0
387 4 17 26 0 6 0 0 0
388 4 17 35 0 6 0 0 0
389 4 17 44 0 6 0 0 0
390 4 17 53 0 6 0 0 0
391 4 17 62 0 6 0 0 0
392 4 17 8 0 6 0 0 0
393 4 17 24 0 6 0 0 0
394 4 17 10 0 6 0 0 0
395 4 17 3 0 6 0 0 0
396 4 18 26 0 6 0 0 0
397 4 18 34 0 6 0 0 0
398 4 18 42 0 6 0 0 0
399 4 18 50 0 6 0 0 0
400 4 18 58 0 6 0 0 0
401 4 18 10 0 6 0 0 0
402 4 18 2 0 6 0 0 0
403 4 18 19 0 6 0 0 0
404 4 18 20 0 6 0 0 0
405 4 18 21 0 6 0 0 0
406 4 18 22 0 6 0 0 0
407 4 18 23 0 6 0 0 0
408 4 18 17 0 6 0 0 0
409 4 18 16 0 6 0 0 0
410 4 18 27 0 6 0 0 0
411 4 18 36 0 6 0 0 0
412 4 18 45 0 6 0 0 0
413 4 18 54 0 6 0 0 0
414 4 18 63 0 6 0 0 0
415 4 18 9 0 6 0 0 0
416 4 18 0 0 6 0 0 0
417 4 18 25 0 6 0 0 0
418 4 18 32 0 6 0 0 0
419 4 18 11 0 6 0 0 0
420 4 18 4 0 6 0 0 0
421 4 19 27 0 6 0 0 0
422 4 19 35 0 6 0 0 0
423 4 19 43 0 6 0 0 0
424 4 19 51 0 6 0 0 0
425 4 19 59 0 6 0 0 0
426 4 19 11 0 6 0 0 0
427 4 19 3 0 6 0 0 0
428 4 19 20 0 6 0 0 0
429 4 19 21 0 6 0 0 0
430 4 19 22 0 6 0 0 0
431 4 19 23 0 6 0 0 0
432 4 19 18 0 6 0 0 0
433 4 19 17 0 6 0 0 0
434 4 19 16 0 6 0 0 0
435 4 19 28 0 6 0 0 0
436 4 19 37 0 6 0 0 0
437 4 19 46 0 6 0 0 0
438 4 19 55 0 6 0 0 0
439 4 19 10 0 6 0 0 0
440 4 19 1 0 6 0 0 0
441 4 19 26 0 6 0 0 0
442 4 19 33 0 6 0 0 0
443 4 19 40 0 6 0 0 0
444 4 19 12 0 6 0 0 0
445 4 19 5 0 6 0 0 0
446 4 20 28 0 6 0 0 0
447 4 20 36 0 6 0 0 0
448 4 20 44 0 6 0 0 0
449 4 20 52 0 6 0 0 0
450 4 20 60 0 6 0 0 0
451 4 20 12 0 6 0 0 0
452 4 20 4 0 6 0 0 0
453 4 20 21 0 6 0 0 0
454 4 20 22 0 6 0 0 0
455 4 20 23 0 6 0 0 0
456 4 20 19 0 6 0 0 0
457 4 20 18 0 6 0 0 0
458 4 20 17 0 6 0 0 0
459 4 20 16 0 6 0 0 0
460 4 20 29 0 6 0 0 0
461 4 20 38 0 6 0 0 0
462 4 20 47 0 6 0 0 0
463 4 20 11 0 6 0 0 0
464 4 20 2 0 6 0 0 0
465 4 20 27 0 6 0 0 0
466 4 20 34 0 6 0 0 0
467 4 20 41 0 6 0 0 0
468 4 20 48 0 6 0 0 0
469 4 20 13 0 6 0 0 0
470 4 20 6 0 6 0 0 0
471 4 21 29 0 6 0 0 0
472 4 21 37 0 6 0 0 0
473 4 21 45 0 6 0 0 0
474 4 21 53 0 6 0 0 0
475 4 21 61 0 6 0 0 0
476 4 21 13 0 6 0 0 0
477 4 21 5 0 6 0 0 0
478 4 21 22 0 6 0 0 0
479 4 21 23 0 6 0 0 0
480 4 21 20 0 6 0 0 0
481 4 21 19 0 6 0 0 0
482 4 21 18 0 6 0 0 0
483 4 21 17 0 6 0 0 0
484 4 21 16 0 6 0 0 0
485 4 21 30 0 6 0 0 0
486 4 21 39 0 6 0 0 0
487 4 21 12 0 6 0 0 0
488 4 21 3 0 6 0 0 0
489 4 21 28 0 6 0 0 0
490 4 21 35 0 6 0 0 0
491 4 21 42 0 6 0 0 0
492 4 21 49 0 6 0 0 0
493 4 21 56 0 6 0 0 0
494 4 21 14 0 6 0 0 0
495 4 21 7 0 6 0 0 0
496 4 22 30 0 6 0 0 0
497 4 22 38 0 6 0 0 0
498 4 22 46 0 6 0 0 0
499 4 22 54 0 6 0 0 0
500 4 22 62 0 6 0 0 0
501 4 22 14 0 6 0 0 0
502 4 22 6 0 6 0 0 0
503 4 22 23 0 6 0 0 0
504 4 22 21 0 6 0 0 0
505 4 22 20 0 6 0 0 0
506 4 22 19 0 6 0 0 0
507 4 22 18 0 6 0 0 0
508 4 22 17 0 6 0 0 0
509 4 22 16 0 6 0 0 0
510 4 22 31 0 6 0 0 0
511 4 22 13 0 6 0 0 0
512 4 22 4 0 6 0 0 0
513 4 22 29 0 6 0 0 0
514 4 22 36 0 6 0 0 0
515 4 22 43 0 6 0 0 0
516 4 22 50 0 6 0 0 0
517 4 22 57 0 6 0 0 0
518 4 22 15 0 6 0 0 0
519 4 23 31 0 6 0 0 0
520 4 23 39 0 6 0 0 0
521 4 23 47 0 6 0 0 0
522 4 23 55 0 6 0 0 0
523 4 23 63 0 6 0 0 0
524 4 23 15 0 6 0 0 0
525 4 23 7 0 6 0 0 0
526 4 23 22 0 6 0 0 0
527 4 23 21 0 6 0 0 0
528 4 23 20 0 6 0 0 0
529 4 23 19 0 6 0 0 0
530 4 23 18 0 6 0 0 0
531 4 23 17 0 6 0 0 0
532 4 23 16 0 6 0 0 0
533 4 23 14 0 6 0 0 0
534 4 23 5 0 6 0 0 0
535 4 23 30 0 6 0 0 0
536 4 23 37 0 6 0 0 0
537 4 23 44 0 6 0 0 0
538 4 23 51 0 6 0 0 0
539 4 23 58 0 6 0 0 0
540 4 24 32 0 6 0 0 0
541 4 24 40 0 6 0 0 0
542 4 24 48 0 6 0 0 0
543 4 24 56 0 6 0 0 0
544 4 24 16 0 6 0 0 0
545 4 24 8 0 6 0 0 0
546 4 24 0 0 6 0 0 0
547 4 24 25 0 6 0 0 0
548 4 24 26 0 6 0 0 0
549 4 24 27 0 6 0 0 0
550 4 24 28 0 6 0 0 0
551 4 24 29 0 6 0 0 0
552 4 24 30 0 6 0 0 0
553 4 24 31 0 6 0 0 0
554 4 24 33 0 6 0 0 0
555 4 24 42 0 6 0 0 0
556 4 24 51 0 6 0 0 0
557 4 24 60 0 6 0 0 0
558 4 24 17 0 6 0 0 0
559 4 24 10 0 6 0 0 0
560 4 24 3 0 6 0 0 0
561 4 25 33 0 6 0 0 0
562 4 25 41 0 6 0 0 0
563 4 25 49 0 6 0 0 0
564 4 25 57 0 6 0 0 0
565 4 25 17 0 6 0 0 0
566 4 25 9 0 6 0 0 0
567 4 25 1 0 6 0 0 0
568 4 25 26 0 6 0 0 0
569 4 25 27 0 6 0 0 0
570 4 25 28 0 6 0 0 0
571 4 25 29 0 6 0 0 0
572 4 25 30 0 6 0 0 0
573 4 25 31 0 6 0 0 0
574 4 25 24 0 6 0 0 0
575 4 25 34 0 6 0 0 0
576 4 25 43 0 6 0 0 0
577 4 25 52 0 6 0 0 0
578 4 25 61 0 6 0 0 0
579 4 25 16 0 6 0 0 0
580 4 25 32 0 6 0 0 0
581 4 25 18 0 6 0 0 0
582 4 25 11 0 6 0 0 0
583 4 25 4 0 6 0 0 0
584 4 26 34 0 6 0 0 0
585 4 26 42 0 6 0 0 0
586 4 26 50 0 6 0 0 0
587 4 26 58 0 6 0 0 0
588 4 26 18 0 6 0 0 0
589 4 26 10 0 6 0 0 0
590 4 26 2 0 6 0 0 0
591 4 26 27 0 6 0 0 0
592 4 26 28 0 6 0 0 0
593 4 26 29 0 6 0 0 0
594 4 26 30 0 6 0 0 0
595 4 26 31 0 6 0 0 0
596 4 26 25 0 6 0 0 0
597 4 26 24 0 6 0 0 0
598 4 26 35 0 6 0 0 0
599 4 26 44 0 6 0 0 0
600 4 26 53 0 6 0 0 0
601 4 26 62 0 6 0 0 0
602 4 26 17 0 6 0 0 0
603 4 26 8 0 6 0 0 0
604 4 26 33 0 6 0 0 0
605 4 26 40 0 6 0 0 0
606 4 26 19 0 6 0 0 0
607 4 26 12 0 6 0 0 0
608 4 26 5 0 6 0 0 0
609 4 27 35 0 6 0 0 0
610 4 27 43 0 6 0 0 0
611 4 27 51 0 6 0 0 0
612 4 27 59 0 6 0 0 0
613 4 27 19 0 6 0 0 0
614 4 27 11 0 6 0 0 0
615 4 27 3 0 6 0 0 0
616 4 27 28 0 6 0 0 0
617 4 27 29 0 6 0 0 0
618 4 27 30 0 6 0 0 0
619 4 27 31 0 6 0 0 0
620 4 27 26 0 6 0 0 0
621 4 27 25 0 6 0 0 0
622 4 27 24 0 6 0 0 0
623 4 27 36 0 6 0 0 0
624 4 27 45 0 6 0 0 0
625 4 27 54 0 6 0 0 0
626 4 27 63 0 6 0 0 0
627 4 27 18 0 6 0 0 0
628 4 27 9 0 6 0 0 0
629 4 27 0 0 6 0 0 0
630 4 27 34 0 6 0 0 0
631 4 27 41 0 6 0 0 0
632 4 27 48 0 6 0 0 0
633 4 27 20 0 6 0 0 0
634 4 27 13 0 6 0 0 0
635 4 27 6 0 6 0 0 0
636 4 28 36 0 6 0 0 0
637 4 28 44 0 6 0 0 0
638 4 28 52 0 6 0 0 0
639 4 28 60 0 6 0 0 0
640 4 28 20 0 6 0 0 0
641 4 28 12 0 6 0 0 0
642 4 28 4 0 6 0 0 0
643 4 28 29 0 6 0 0 0
644 4 28 30 0 6 0 0 0
645 4 28 31 0 6 0 0 0
646 4 28 27 0 6 0 0 0
647 4 28 26 0 6 0 0 0
648 4 28 25 0 6 0 0 0
649 4 28 24 0 6 0 0 0
650 4 28 37 0 6 0 0 0
651 4 28 46 0 6 0 0 0
652 4 28 55 0 6 0 0 0
653 4 28 19 0 6 0 0 0
654 4 28 10 0 6 0 0 0
655 4 28 1 0 6 0 0 0
656 4 28 35 0 6 0 0 0
657 4 28 42 0 6 0 0 0
658 4 28 49 0 6 0 0 0
659 4 28 56 0 6 0 0 0
660 4 28 21 0 6 0 0 0
661 4 28 14 0 6 0 0 0
662 4 28 7 0 6 0 0 0
663 4 29 37 0 6 0 0 0
664 4 29 45 0 6 0 0 0
665 4 29 53 0 6 0 0 0
666 4 29 61 0 6 0 0 0
667 4 29 21 0 6 0 0 0
668 4 29 13 0 6 0 0 0
669 4 29 5 0 6 0 0 0
670 4 29 30 0 6 0 0 0
671 4 29 31 0 6 0 0 0
672 4 29 28 0 6 0 0 0
673 4 29 27 0 6 0 0 0
674 4 29 26 0 6 0 0 0
675 4 29 25 0 6 0 0 0
676 4 29 24 0 6 0 0 0
677 4 29 38 0 6 0 0 0
678 4 29 47 0 6 0 0 0
679 4 29 20 0 6 0 0 0
680 4 29 11 0 6 0 0 0
681 4 29 2 0 6 0 0 0
682 4 29 36 0 6 0 0 0
683 4 29 43 0 6 0 0 0
684 4 29 50 0 6 0 0 0
685 4 29 57 0 6 0 0 0
686 4 29 22 0 6 0 0 0
687 4 29 15 0 6 0 0 0
688 4 30 38 0 6 0 0 0
689 4 30 46 0 6 0 0 0
690 4 30 54 0 6 0 0 0
691 4 30 62 0 6 0 0 0
692 4 30 22 0 6 0 0 0
693 4 30 14 0 6 0 0 0
694 4 30 6 0 6 0 0 0
695 4 30 31 0 6 0 0 0
696 4 30 29 0 6 0 0 0
697 4 30 28 0 6 0 0 0
698 4 30 27 0 6 0 0 0
699 4 30 26 0 6 0 0 0
700 4 30 25 0 6 0 0 0
701 4 30 24 0 6 0 0 0
702 4 30 39 0 6 0 0 0
703 4 30 21 0 6 0 0 0
704 4 30 12 0 6 0 0 0
705 4 30 3 0 6 0 0 0
706 4 30 37 0 6 0 0 0
707 4 30 44 0 6 0 0 0
708 4 30 51 0 6 0 0 0
709 4 30 58 0 6 0 0 0
710 4 30 23 0 6 0 0 0
711 4 31 39 0 6 0 0 0
712 4 31 47 0 6 0 0 0
713 4 31 55 0 6 0 0 0
714 4 31 63 0 6 0 0 0
715 4 31 23 0 6 0 0 0
716 4 31 15 0 6 0 0 0
717 4 31 7 0 6 0 0 0
718 4 31 30 0 6 0 0 0
719 4 31 29 0 6 0 0 0
720 4 31 28 0 6 0 0 0
721 4 31 27 0 6 0 0 0
722 4 31 26 0 6 0 0 0
723 4 31 25 0 6 0 0 0
724 4 31 24 0 6 0 0 0
725 4 31 22 0 6 0 0 0
726 4 31 13 0 6 0 0 0
727 4 31 4 0 6 0 0 0
728 4 31 38 0 6 0 0 0
729 4 31 45 0 6 0 0 0
730 4 31 52 0 6 0 0 0
731 4 31 59 0 6 0 0 0
732 4 32 40 0 6 0 0 0
733 4 32 48 0 6 0 0 0
734 4 32 56 0 6 0 0 0
735 4 32 24 0 6 0 0 0
736 4 32 16 0 6 0 0 0
737 4 32 8 0 6 0 0 0
738 4 32 0 0 6 0 0 0
739 4 32 33 0 6 0 0 0
740 4 32 34 0 6 0 0 0
741 4 32 35 0 6 0 0 0
742 4 32 36 0 6 0 0 0
743 4 32 37 0 6 0 0 0
744 4 32 38 0 6 0 0 0
745 4 32 39 0 6 0 0 0
746 4 32 41 0 6 0 0 0
747 4 32 50 0 6 0 0 0
748 4 32 59 0 6 0 0 0
749 4 32 25 0 6 0 0 0
750 4 32 18 0 6 0 0 0
751 4 32 11 0 6 0 0 0
752 4 32 4 0 6 0 0 0
753 4 33 41 0 6 0 0 0
754 4 33 49 0 6 0 0 0
755 4 33 57 0 6 0 0 0
756 4 33 25 0 6 0 0 0
757 4 33 17 0 6 0 0 0
758 4 33 9 0 6 0 0 0
759 4 33 1 0 6 0 0 0
760 4 33 34 0 6 0 0 0
761 4 33 35 0 6 0 0 0
762 4 33 36 0 6 0 0 0
763 4 33 37 0 6 0 0 0
764 4 33 38 0 6 0 0 0
765 4 33 39 0 6 0 0 0
766 4 33 32 0 6 0 0 0
767 4 33 42 0 6 0 0 0
768 4 33 51 0 6 0 0 0
769 4 33 60 0 6 0 0 0
770 4 33 24 0 6 0 0 0
771 4 33 40 0 6 0 0 0
772 4 33 26 0 6 0 0 0
773 4 33 19 0 6 0 0 0
774 4 33 12 0 6 0 0 0
775 4 33 5 0 6 0 0 0
776 4 34 42 0 6 0 0 0
777 4 34 50 0 6 0 0 0
778 4 34 58 0 6 0 0 0
779 4 34 26 0 6 0 0 0
780 4 34 18 0 6 0 0 0
781 4 34 10 0 6 0 0 0
782 4 34 2 0 6 0 0 0
783 4 34 35 0 6 0 0 0
784 4 34 36 0 6 0 0 0
785 4 34 37 0 6 0 0 0
786 4 34 38 0 6 0 0 0
787 4 34 39 0 6 0 0 0
788 4 34 33 0 6 0 0 0
789 4 34 32 0 6 0 0 0
790 4 34 43 0 6 0 0 0
791 4 34 52 0 6 0 0 0
792 4 34 61 0 6 0 0 0
793 4 34 25 0 6 0 0 0
794 4 34 16 0 6 0 0 0
795 4 34 41 0 6 0 0 0
796 4 34 48 0 6 0 0 0
797 4 34 27 0 6 0 0 0
798 4 34 20 0 6 0 0 0
799 4 34 13 0 6 0 0 0
800 4 34 6 0 6 0 0 0
801 4 35 43 0 6 0 0 0
802 4 35 51 0 6 0 0 0
803 4 35 59 0 6 0 0 0
804 4 35 27 0 6 0 0 0
805 4 35 19 0 6 0 0 0
806 4 35 11 0 6 0 0 0
807 4 35 3 0 6 0 0 0
808 4 35 36 0 6 0 0 0
809 4 35 37 0 6 0 0 0
810 4 35 38 0 6 0 0 0
811 4 35 39 0 6 0 0 0
812 4 35 34 0 6 0 0 0
813 4 35 33 0 6 0 0 0
814 4 35 32 0 6 0 0 0
815 4 35 44 0 6 0 0 0
816 4 35 53 0 6 0 0 0
817 4 35 62 0 6 0 0 0
818 4 35 26 0 6 0 0 0
819 4 35 17 0 6 0 0 0
820 4 35 8 0 6 0 0 0
821 4 35 42 0 6 0 0 0
822 4 35 49 0 6 0 0 0
823 4 35 56 0 6 0 0 0
824 4 35 28 0 6 0 0 0
825 4 35 21 0 6 0 0 0
826 4 35 14 0 6 0 0 0
827 4 35 7 0 6 0 0 0
828 4 36 44 0 6 0 0 0
829 4 36 52 0 6 0 0 0
830 4 36 60 0 6 0 0 0
831 4 36 28 0 6 0 0 0
832 4 36 20 0 6 0 0 0
833 4 36 12 0 6 0 0 0
834 4 36 4 0 6 0 0 0
835 4 36 37 0 6 0 0 0
836 4 36 38 0 6 0 0 0
837 4 36 39 0 6 0 0 0
838 4 36 35 0 6 0 0 0
839 4 36 34 0 6 0 0 0
840 4 36 33 0 6 0 0 0
841 4 36 32 0 6 0 0 0
842 4 36 45 0 6 0 0 0
843 4 36 54 0 6 0 0 0
844 4 36 63 0 6 0 0 0
845 4 36 27 0 6 0 0 0
846 4 36 18 0 6 0 0 0
847 4 36 9 0 6 0 0 0
848 4 36 0 0 6 0 0 0
849 4 36 43 0 6 0 0 0
850 4 36 50 0 6 0 0 0
851 4 36 57 0 6 0 0 0
852 4 36 29 0 6 0 0 0
853 4 36 22 0 6 0 0 0
854 4 36 15 0 6 0 0 0
855 4 37 45 0 6 0 0 0
856 4 37 53 0 6 0 0 0
857 4 37 61 0 6 0 0 0
858 4 37 29 0 6 0 0 0
859 4 37 21 0 6 0 0 0
860 4 37 13 0 6 0 0 0
861 4 37 5 0 6 0 0 0
862 4 37 38 0 6 0 0 0
863 4 37 39 0 6 0 0 0
864 4 37 36 0 6 0 0 0
865 4 37 35 0 6 0 0 0
866 4 37 34 0 6 0 0 0
867 4 37 33 0 6 0 0 0
868 4 37 32 0 6 0 0 0
869 4 37 46 0 6 0 0 0
870 4 37 55 0 6 0 0 0
871 4 37 28 0 6 0 0 0
872 4 37 19 0 6 0 0 0
873 4 37 10 0 6 0 0 0
874 4 37 1 0 6 0 0 0
875 4 37 44 0 6 0 0 0
876 4 37 51 0 6 0 0 0
877 4 37 58 0 6 0 0 0
878 4 37 30 0 6 0 0 0
879 4 37 23 0 6 0 0 0
880 4 38 46 0 6 0 0 0
881 4 38 54 0 6 0 0 0
882 4 38 62 0 6 0 0 0
883 4 38 30 0 6 0 0 0
884 4 38 22 0 6 0 0 0
885 4 38 14 0 6 0 0 0
886 4 38 6 0 6 0 0 0
887 4 38 39 0 6 0 0 0
888 4 38 37 0 6 0 0 0
889 4 38 36 0 6 0 0 0
890 4 38 35 0 6 0 0 0
891 4 38 34 0 6 0 0 0
892 4 38 33 0 6 0 0 0
893 4 38 32 0 6 0 0 0
894 4 38 47 0 6 0 0 0
895 4 38 29 0 6 0 0 0
896 4 38 20 0 6 0 0 0
897 4 38 11 0 6 0 0 0
898 4 38 2 0 6 0 0 0
899 4 38 45 0 6 0 0 0
900 4 38 52 0 6 0 0 0
901 4 38 59 0 6 0 0 0
902 4 38 31 0 6 0 0 0
903 4 39 47 0 6 0 0 0
904 4 39 55 0 6 0 0 0
905 4 39 63 0 6 0 0 0
906 4 39 31 0 6 0 0 0
907 4 39 23 0 6 0 0 0
908 4 39 15 0 6 0 0 0
909 4 39 7 0 6 0 0 0
910 4 39 38 0 6 0 0 0
911 4 39 37 0 6 0 0 0
912 4 39 36 0 6 0 0 0
913 4 39 35 0 6 0 0 0
914 4 39 34 0 6 0 0 0
915 4 39 33 0 6 0 0 0
916 4 39 32 0 6 0 0 0
917 4 39 30 0 6 0 0 0
918 4 39 21 0 6 0 0 0
919 4 39 12 0 6 0 0 0
920 4 39 3 0 6 0 0 0
921 4 39 46 0 6 0 0 0
922 4 39 53 0 6 0 0 0
923 4 39 60 0 6 0 0 0
924 4 40 48 0 6 0 0 0
925 4 40 56 0 6 0 0 0
926 4 40 32 0 6 0 0 0
927 4 40 24 0 6 0 0 0
928 4 40 16 0 6 0 0 0
929 4 40 8 0 6 0 0 0
930 4 40 0 0 6 0 0 0
931 4 40 41 0 6 0 0 0
932 4 40 42 0 6 0 0 0
933 4 40 43 0 6 0 0 0
934 4 40 44 0 6 0 0 0
935 4 40 45 0 6 0 0 0
936 4 40 46 0 6 0 0 0
937 4 40 47 0 6 0 0 0
938 4 40 49 0 6 0 0 0
939 4 40 58 0 6 0 0 0
940 4 40 33 0 6 0 0 0
941 4 40 26 0 6 0 0 0
942 4 40 19 0 6 0 0 0
943 4 40 12 0 6 0 0 0
944 4 40 5 0 6 0 0 0
945 4 41 49 0 6 0 0 0
946 4 41 57 0 6 0 0 0
947 4 41 33 0 6 0 0 0
948 4 41 25 0 6 0 0 0
949 4 41 17 0 6 0 0 0
950 4 41 9 0 6 0 0 0
951 4 41 1 0 6 0 0 0
952 4 41 42 0 6 0 0 0
953 4 41 43 0 6 0 0 0
954 4 41 44 0 6 0 0 0
955 4 41 45 0 6 0 0 0
956 4 41 46 0 6 0 0 0
957 4 41 47 0 6 0 0 0
958 4 41 40 0 6 0 0 0
959 4 41 50 0 6 0 0 0
960 4 41 59 0 6 0 0 0
961 4 41 32 0 6 0 0 0
962 4 41 48 0 6 0 0 0
963 4 41 34 0 6 0 0 0
964 4 41 27 0 6 0 0 0
965 4 41 20 0 6 0 0 0
966 4 41 13 0 6 0 0 0
967 4 41 6 0 6 0 0 0
968 4 42 50 0 6 0 0 0
969 4 42 58 0 6 0 0 0
970 4 42 34 0 6 0 0 0
971 4 42 26 0 6 0 0 0
972 4 42 18 0 6 0 0 0
973 4 42 10 0 6 0 0 0
974 4 42 2 0 6 0 0 0
975 4 42 43 0 6 0 0 0
976 4 42 44 0 6 0 0 0
977 4 42 45 0 6 0 0 0
978 4 42 46 0 6 0 0 0
979 4 42 47 0 6 0 0 0
980 4 42 41 0 6 0 0 0
981 4 42 40 0 6 0 0 0
982 4 42 51 0 6 0 0 0
983 4 42 60 0 6 0 0 0
984 4 42 33 0 6 0 0 0
985 4 42 24 0 6 0 0 0
986 4 42 49 0 6 0 0 0
987 4 42 56 0 6 0 0 0
988 4 42 35 0 6 0 0 0
989 4 42 28 0 6 0 0 0
990 4 42 21 0 6 0 0 0
991 4 42 14 0 6 0 0 0
992 4 42 7 0 6 0 0 0
993 4 43 51 0 6 0 0 0
994 4 43 59 0 6 0 0 0
995 4 43 35 0 6 0 0 0
996 4 43 27 0 6 0 0 0
997 4 43 19 0 6 0 0 0
998 4 43 11 0 6 0 0 0
999 4 43 3 0 6 0 0 0
1000 4 43 44 0 6 0 0 0
1001 4 43 45 0 6 0 0 0
1002 4 43 46 0 6 0 0 0
1003 4 43 47 0 6 0 0 0
1004 4 43 42 0 6 0 0 0
1005 4 43 41 0 6 0 0 0
1006 4 43 40 0 6 0 0 0
1007 4 43 52 0 6 0 0 0
1008 4 43 61 0 6 0 0 0
1009 4 43 34 0 6 0 0 0
1010 4 43 25 0 6 0 0 0
1011 4 43 16 0 6 0 0 0
1012 4 43 50 0 6 0 0 0
1013 4 43 57 0 6 0 0 0
1014 4 43 36 0 6 0 0 0
1015 4 43 29 0 6 0 0 0
1016 4 43 22 0 6 0 0 0
1017 4 43 15 0 6 0 0 0
1018 4 44 52 0 6 0 0 0
1019 4 44 60 0 6 0 0 0
1020 4 44 36 0 6 0 0 0
1021 4 44 28 0 6 0 0 0
1022 4 44 20 0 6 0 0 0
1023 4 44 12 0 6 0 0 0
1024 4 44 4 0 6 0 0 0
1025 4 44 45 0 6 0 0 0
1026 4 44 46 0 6 0 0 0
1027 4 44 47 0 6 0 0 0
1028 4 44 43 0 6 0 0 0
1029 4 44 42 0 6 0 0 0
1030 4 44 41 0 6 0 0 0
1031 4 44 40 0 6 0 0 0
1032 4 44 53 0 6 0 0 0
1033 4 44 62 0 6 0 0 0
1034 4 44 35 0 6 0 0 0
1035 4 44 26 0 6 0 0 0
1036 4 44 17 0 6 0 0 0
1037 4 44 8 0 6 0 0 0
1038 4 44 51 0 6 0 0 0
1039 4 44 58 0 6 0 0 0
1040 4 44 37 0 6 0 0 0
1041 4 44 30 0 6 0 0 0
1042 4 44 23 0 6 0 0 0
1043 4 45 53 0 6 0 0 0
1044 4 45 61 0 6 0 0 0
1045 4 45 37 0 6 0 0 0
1046 4 45 29 0 6 0 0 0
1047 4 45 21 0 6 0 0 0
1048 4 45 13 0 6 0 0 0
1049 4 45 5 0 6 0 0 0
1050 4 45 46 0 6 0 0 0
1051 4 45 47 0 6 0 0 0
1052 4 45 44 0 6 0 0 0
1053 4 45 43 0 6 0 0 0
1054 4 45 42 0 6 0 0 0
1055 4 45 41 0 6 0 0 0
1056 4 45 40 0 6 0 0 0
1057 4 45 54 0 6 0 0 0
1058 4 45 63 0 6 0 0 0
1059 4 45 36 0 6 0 0 0
1060 4 45 27 0 6 0 0 0
1061 4 45 18 0 6 0 0 0
1062 4 45 9 0 6 0 0 0
1063 4 45 0 0 6 0 0 0
1064 4 45 52 0 6 0 0 0
1065 4 45 59 0 6 0 0 0
1066 4 45 38 0 6 0 0 0
1067 4 45 31 0 6 0 0 0
1068 4 46 54 0 6 0 0 0
1069 4 46 62 0 6 0 0 0
1070 4 46 38 0 6 0 0 0
1071 4 46 30 0 6 0 0 0
1072 4 46 22 0 6 0 0 0
1073 4 46 14 0 6 0 0 0
1074 4 46 6 0 6 0 0 0
1075 4 46 47 0 6 0 0 0
1076 4 46 45 0 6 0 0 0
1077 4 46 44 0 6 0 0 0
1078 4 46 43 0 6 0 0 0
1079 4 46 42 0 6 0 0 0
1080 4 46 41 0 6 0 0 0
1081 4 46 40 0 6 0 0 0
1082 4 46 55 0 6 0 0 0
1083 4 46 37 0 6 0 0 0
1084 4 46 28 0 6 0 0 0
1085 4 46 19 0 6 0 0 0
1086 4 46 10 0 6 0 0 0
1087 4 46 1 0 6 0 0 0
1088 4 46 53 0 6 0 0 0
1089 4 46 60 0 6 0 0 0
1090 4 46 39 0 6 0 0 0
1091 4 47 55 0 6 0 0 0
1092 4 47 63 0 6 0 0 0
1093 4 47 39 0 6 0 0 0
1094 4 47 31 0 6 0 0 0
1095 4 47 23 0 6 0 0 0
1096 4 47 15 0 6 0 0 0
1097 4 47 7 0 6 0 0 0
1098 4 47 46 0 6 0 0 0
1099 4 47 45 0 6 0 0 0
1100 4 47 44 0 6 0 0 0
1101 4 47 43 0 6 0 0 0
1102 4 47 42 0 6 0 0 0
1103 4 47 41 0 6 0 0 0
1104 4 47 40 0 6 0 0 0
1105 4 47 38 0 6 0 0 0
1106 4 47 29 0 6 0 0 0
1107 4 47 20 0 6 0 0 0
1108 4 47 11 0 6 0 0 0
1109 4 47 2 0 6 0 0 0
1110 4 47 54 0 6 0 0 0
1111 4 47 61 0 6 0 0 0
1112 4 48 56 0 6 0 0 0
1113 4 48 40 0 6 0 0 0
1114 4 48 32 0 6 0 0 0
1115 4 48 24 0 6 0 0 0
1116 4 48 16 0 6 0 0 0
1117 4 48 8 0 6 0 0 0
1118 4 48 0 0 6 0 0 0
1119 4 48 49 0 6 0 0 0
1120 4 48 50 0 6 0 0 0
1121 4 48 51 0 6 0 0 0
1122 4 48 52 0 6 0 0 0
1123 4 48 53 0 6 0 0 0
1124 4 48 54 0 6 0 0 0
1125 4 48 55 0 6 0 0 0
1126 4 48 57 0 6 0 0 0
1127 4 48 41 0 6 0 0 0
1128 4 48 34 0 6 0 0 0
1129 4 48 27 0 6 0 0 0
1130 4 48 20 0 6 0 0 0
1131 4 48 13 0 6 0 0 0
1132 4 48 6 0 6 0 0 0
1133 4 49 57 0 6 0 0 0
1134 4 49 41 0 6 0 0 0
1135 4 49 33 0 6 0 0 0
1136 4 49 25 0 6 0 0 0
1137 4 49 17 0 6 0 0 0
1138 4 49 9 0 6 0 0 0
1139 4 49 1 0 6 0 0 0
1140 4 49 50 0 6 0 0 0
1141 4 49 51 0 6 0 0 0
1142 4 49 52 0 6 0 0 0
1143 4 49 53 0 6 0 0 0
1144 4 49 54 0 6 0 0 0
1145 4 49 55 0 6 0 0 0
1146 4 49 48 0 6 0 0 0
1147 4 49 58 0 6 0 0 0
1148 4 49 40 0 6 0 0 0
1149 4 49 56 0 6 0 0 0
1150 4 49 42 0 6 0 0 0
1151 4 49 35 0 6 0 0 0
1152 4 49 28 0 6 0 0 0
1153 4 49 21 0 6 0 0 0
1154 4 49 14 0 6 0 0 0
1155 4 49 7 0 6 0 0 0
1156 4 50 58 0 6 0 0 0
1157 4 50 42 0 6 0 0 0
1158 4 50 34 0 6 0 0 0
1159 4 50 26 0 6 0 0 0
1160 4 50 18 0 6 0 0 0
1161 4 50 10 0 6 0 0 0
1162 4 50 2 0 6 0 0 0
1163 4 50 51 0 6 0 0 0
1164 4 50 52 0 6 0 0 0
1165 4 50 53 0 6 0 0 0
1166 4 50 54 0 6 0 0 0
1167 4 50 55 0 6 0 0 0
1168 4 50 49 0 6 0 0 0
1169 4 50 48 0 6 0 0 0
1170 4 50 59 0 6 0 0 0
1171 4 50 41 0 6 0 0 0
1172 4 50 32 0 6 0 0 0
1173 4 50 57 0 6 0 0 0
1174 4 50 43 0 6 0 0 0
1175 4 50 36 0 6 0 0 0
1176 4 50 29 0 6 0 0 0
1177 4 50 22 0 6 0 0 0
1178 4 50 15 0 6 0 0 0
1179 4 51 59 0 6 0 0 0
1180 4 51 43 0 6 0 0 0
1181 4 51 35 0 6 0 0 0
1182 4 51 27 0 6 0 0 0
1183 4 51 19 0 6 0 0 0
1184 4 51 11 0 6 0 0 0
1185 4 51 3 0 6 0 0 0
1186 4 51 52 0 6 0 0 0
1187 4 51 53 0 6 0 0 0
1188 4 51 54 0 6 0 0 0
1189 4 51 55 0 6 0 0 0
1190 4 51 50 0 6 0 0 0
1191 4 51 49 0 6 0 0 0
1192 4 51 48 0 6 0 0 0
1193 4 51 60 0 6 0 0 0
1194 4 51 42 0 6 0 0 0
1195 4 51 33 0 6 0 0 0
1196 4 51 24 0 6 0 0 0
1197 4 51 58 0 6 0 0 0
1198 4 51 44 0 6 0 0 0
1199 4 51 37 0 6 0 0 0
1200 4 51 30 0 6 0 0 0
1201 4 51 23 0 6 0 0 0
1202 4 52 60 0 6 0 0 0
1203 4 52 44 0 6 0 0 0
1204 4 52 36 0 6 0 0 0
1205 4 52 28 0 6 0 0 0
1206 4 52 20 0 6 0 0 0
1207 4 52 12 0 6 0 0 0
1208 4 52 4 0 6 0 0 0
1209 4 52 53 0 6 0 0 0
1210 4 52 54 0 6 0 0 0
1211 4 52 55 0 6 0 0 0
1212 4 52 51 0 6 0 0 0
1213 4 52 50 0 6 0 0 0
1214 4 52 49 0 6 0 0 0
1215 4 52 48 0 6 0 0 0
1216 4 52 61 0 6 0 0 0
1217 4 52 43 0 6 0 0 0
1218 4 52 34 0 6 0 0 0
1219 4 52 25 0 6 0 0 0
1220 4 52 16 0 6 0 0 0
1221 4 52 59 0 6 0 0 0
1222 4 52 45 0 6 0 0 0
1223 4 52 38 0 6 0 0 0
1224 4 52 31 0 6 0 0 0
1225 4 53 61 0 6 0 0 0
1226 4 53 45 0 6 0 0 0
1227 4 53 37 0 6 0 0 0
1228 4 53 29 0 6 0 0 0
1229 4 53 21 0 6 0 0 0
1230 4 53 13 0 6 0 0 0
1231 4 53 5 0 6 0 0 0
1232 4 53 54 0 6 0 0 0
1233 4 53 55 0 6 0 0 0
1234 4 53 52 0 6 0 0 0
1235 4 53 51 0 6 0 0 0
1236 4 53 50 0 6 0 0 0
1237 4 53 49 0 6 0 0 0
1238 4 53 48 0 6 0 0 0
1239 4 53 62 0 6 0 0 0
1240 4 53 44 0 6 0 0 0
1241 4 53 35 0 6 0 0 0
1242 4 53 26 0 6 0 0 0
1243 4 53 17 0 6 0 0 0
1244 4 53 8 0 6 0 0 0
1245 4 53 60 0 6 0 0 0
1246 4 53 46 0 6 0 0 0
1247 4 53 39 0 6 0 0 0
1248 4 54 62 0 6 0 0 0
1249 4 54 46 0 6 0 0 0
1250 4 54 38 0 6 0 0 0
1251 4 54 30 0 6 0 0 0
1252 4 54 22 0 6 0 0 0
1253 4 54 14 0 6 0 0 0
1254 4 54 6 0 6 0 0 0
1255 4 54 55 0 6 0 0 0
1256 4 54 53 0 6 0 0 0
1257 4 54 52 0 6 0 0 0
1258 4 54 51 0 6 0 0 0
1259 4 54 50 0 6 0 0 0
1260 4 54 49 0 6 0 0 0
1261 4 54 48 0 6 0 0 0
1262 4 54 63 0 6 0 0 0
1263 4 54 45 0 6 0 0 0
1264 4 54 36 0 6 0 0 0
1265 4 54 27 0 6 0 0 0
1266 4 54 18 0 6 0 0 0
1267 4 54 9 0 6 0 0 0
1268 4 54 0 0 6 0 0 0
1269 4 54 61 0 6 0 0 0
1270 4 54 47 0 6 0 0 0
1271 4 55 63 0 6 0 0 0
1272 4 55 47 0 6 0 0 0
1273 4 55 39 0 6 0 0 0
1274 4 55 31 0 6 0 0 0
1275 4 55 23 0 6 0 0 0
1276 4 55 15 0 6 0 0 0
1277 4 55 7 0 6 0 0 0
1278 4 55 54 0 6 0 0 0
1279 4 55 53 0 6 0 0 0
1280 4 55 52 0 6 0 0 0
1281 4 55 51 0 6 0 0 0
1282 4 55 50 0 6 0 0 0
1283 4 55 49 0 6 0 0 0
1284 4 55 48 0 6 0 0 0
1285 4 55 46 0 6 0 0 0
1286 4 55 37 0 6 0 0 0
1287 4 55 28 0 6 0 0 0
1288 4 55 19 0 6 0 0 0
1289 4 55 10 0 6 0 0 0
1290 4 55 1 0 6 0 0 0
1291 4 55 62 0 6 0 0 0
1292 4 56 48 0 6 0 0 0
1293 4 56 40 0 6 0 0 0
1294 4 56 32 0 6 0 0 0
1295 4 56 24 0 6 0 0 0
1296 4 56 16 0 6 0 0 0
1297 4 56 8 0 6 0 0 0
1298 4 56 0 0 6 0 0 0
1299 4 56 57 0 6 0 0 0
1300 4 56 58 0 6 0 0 0
1301 4 56 59 0 6 0 0 0
1302 4 56 60 0 6 0 0 0
1303 4 56 61 0 6 0 0 0
1304 4 56 62 0 6 0 0 0
1305 4 56 63 0 6 0 0 0
1306 4 56 49 0 6 0 0 0
1307 4 56 42 0 6 0 0 0
1308 4 56 35 0 6 0 0 0
1309 4 56 28 0 6 0 0 0
1310 4 56 21 0 6 0 0 0
1311 4 56 14 0 6 0 0 0
1312 4 56 7 0 6 0 0 0
1313 4 57 49 0 6 0 0 0
1314 4 57 41 0 6 0 0 0
1315 4 57 33 0 6 0 0 0
1316 4 57 25 0 6 0 0 0
1317 4 57 17 0 6 0 0 0
1318 4 57 9 0 6 0 0 0
1319 4 57 1 0 6 0 0 0
1320 4 57 58 0 6 0 0 0
1321 4 57 59 0 6 0 0 0
1322 4 57 60 0 6 0 0 0
1323 4 57 61 0 6 0 0 0
1324 4 57 62 0 6 0 0 0
1325 4 57 63 0 6 0 0 0
1326 4 57 56 0 6 0 0 0
1327 4 57 48 0 6 0 0 0
1328 4 57 50 0 6 0 0 0
1329 4 57 43 0 6 0 0 0
1330 4 57 36 0 6 0 0 0
1331 4 57 29 0 6 0 0 0
1332 4 57 22 0 6 0 0 0
1333 4 57 15 0 6 0 0 0
1334 4 58 50 0 6 0 0 0
1335 4 58 42 0 6 0 0 0
1336 4 58 34 0 6 0 0 0
1337 4 58 26 0 6 0 0 0
1338 4 58 18 0 6 0 0 0
1339 4 58 10 0 6 0 0 0
1340 4 58 2 0 6 0 0 0
1341 4 58 59 0 6 0 0 0
1342 4 58 60 0 6 0 0 0
1343 4 58 61 0 6 0 0 0
1344 4 58 62 0 6 0 0 0
1345 4 58 63 0 6 0 0 0
1346 4 58 57 0 6 0 0 0
1347 4 58 56 0 6 0 0 0
1348 4 58 49 0 6 0 0 0
1349 4 58 40 0 6 0 0 0
1350 4 58 51 0 6 0 0 0
1351 4 58 44 0 6 0 0 0
1352 4 58 37 0 6 0 0 0
1353 4 58 30 0 6 0 0 0
1354 4 58 23 0 6 0 0 0
1355 4 59 51 0 6 0 0 0
1356 4 59 43 0 6 0 0 0
1357 4 59 35 0 6 0 0 0
1358 4 59 27 0 6 0 0 0
1359 4 59 19 0 6 0 0 0
1360 4 59 11 0 6 0 0 0
1361 4 59 3 0 6 0 0 0
1362 4 59 60 0 6 0 0 0
1363 4 59 61 0 6 0 0 0
1364 4 59 62 0 6 0 0 0
1365 4 59 63 0 6 0 0 0
1366 4 59 58 0 6 0 0 0
1367 4 59 57 0 6 0 0 0
1368 4 59 56 0 6 0 0 0
1369 4 59 50 0 6 0 0 0
1370 4 59 41 0 6 0 0 0
1371 4 59 32 0 6 0 0 0
1372 4 59 52 0 6 0 0 0
1373 4 59 45 0 6 0 0 0
1374 4 59 38 0 6 0 0 0
1375 4 59 31 0 6 0 0 0
1376 4 60 52 0 6 0 0 0
1377 4 60 44 0 6 0 0 0
1378 4 60 36 0 6 0 0 0
1379 4 60 28 0 6 0 0 0
1380 4 60 20 0 6 0 0 0
1381 4 60 12 0 6 0 0 0
1382 4 60 4 0 6 0 0 0
1383 4 60 61 0 6 0 0 0
1384 4 60 62 0 6 0 0 0
1385 4 60 63 0 6 0 0 0
1386 4 60 59 0 6 0 0 0
1387 4 60 58 0 6 0 0 0
1388 4 60 57 0 6 0 0 0
1389 4 60 56 0 6 0 0 0
1390 4 60 51 0 6 0 0 0
1391 4 60 42 0 6 0 0 0
1392 4 60 33 0 6 0 0 0
1393 4 60 24 0 6 0 0 0
1394 4 60 53 0 6 0 0 0
1395 4 60 46 0 6 0 0 0
1396 4 60 39 0 6 0 0 0
1397 4 61 53 0 6 0 0 0
1398 4 61 45 0 6 0 0 0
1399 4 61 37 0 6 0 0 0
1400 4 61 29 0 6 0 0 0
1401 4 61 21 0 6 0 0 0
1402 4 61 13 0 6 0 0 0
1403 4 61 5 0 6 0 0 0
1404 4 61 62 0 6 0 0 0
1405 4 61 63 0 6 0 0 0
1406 4 61 60 0 6 0 0 0
1407 4 61 59 0 6 0 0 0
1408 4 61 58 0 6 0 0 0
1409 4 61 57 0 6 0 0 0
1410 4 61 56 0 6 0 0 0
1411 4 61 52 0 6 0 0 0
1412 4 61 43 0 6 0 0 0
1413 4 61 34 0 6 0 0 0
1414 4 61 25 0 6 0 0 0
1415 4 61 16 0 6 0 0 0
1416 4 61 54 0 6 0 0 0
1417 4 61 47 0 6 0 0 0
1418 4 62 54 0 6 0 0 0
1419 4 62 46 0 6 0 0 0
1420 4 62 38 0 6 0 0 0
1421 4 62 30 0 6 0 0 0
1422 4 62 22 0 6 0 0 0
1423 4 62 14 0 6 0 0 0
1424 4 62 6 0 6 0 0 0
1425 4 62 63 0 6 0 0 0
1426 4 62 61 0 6 0 0 0
1427 4 62 60 0 6 0 0 0
1428 4 62 59 0 6 0 0 0
1429 4 62 58 0 6 0 0 0
1430 4 62 57 0 6 0 0 0
1431 4 62 56 0 6 0 0 0
1432 4 62 53 0 6 0 0 0
1433 4 62 44 0 6 0 0 0
1434 4 62 35 0 6 0 0 0
1435 4 62 26 0 6 0 0 0
1436 4 62 17 0 6 0 0 0
1437 4 62 8 0 6 0 0 0
1438 4 62 55 0 6 0 0 0
1439 4 63 55 0 6 0 0 0
1440 4 63 47 0 6 0 0 0
1441 4 63 39 0 6 0 0 0
1442 4 63 31 0 6 0 0 0
1443 4 63 23 0 6 0 0 0
1444 4 63 15 0 6 0 0 0
1445 4 63 7 0 6 0 0 0
1446 4 63 62 0 6 0 0 0
1447 4 63 61 0 6 0 0 0
1448 4 63 60 0 6 0 0 0
1449 4 63 59 0 6 0 0 0
1450 4 63 58 0 6 0 0 0
1451 4 63 57 0 6 0 0 0
1452 4 63 56 0 6 0 0 0
1453 4 63 54 0 6 0 0 0
1454 4 63 45 0 6 0 0 0
1455 4 63 36 0 6 0 0 0
1456 4 63 27 0 6 0 0 0
1457 4 63 18 0 6 0 0 0
1458 4 63 9 0 6 0 0 0
1459 4 63 0 0 6 0 0 0
1460 1 0 10 0 6 0 0 0
1461 1 0 17 0 6 0 0 0
1462 1 1 11 0 6 0 0 0
1463 1 1 16 0 6 0 0 0
1464 1 1 18 0 6 0 0 0
1465 1 2 8 0 6 0 0 0
1466 1 2 12 0 6 0 0 0
1467 1 2 17 0 6 0 0 0
1468 1 2 19 0 6 0 0 0
1469 1 3 9 0 6 0 0 0
1470 1 3 13 0 6 0 0 0
1471 1 3 18 0 6 0 0 0
1472 1 3 20 0 6 0 0 0
1473 1 4 10 0 6 0 0 0
1474 1 4 14 0 6 0 0 0
1475 1 4 19 0 6 0 0 0
1476 1 4 21 0 6 0 0 0
1477 1 5 11 0 6 0 0 0
1478 1 5 15 0 6 0 0 0
1479 1 5 20 0 6 0 0 0
1480 1 5 22 0 6 0 0 0
1481 1 6 12 0 6 0 0 0
1482 1 6 21 0 6 0 0 0
1483 1 6 23 0 6 0 0 0
1484 1 7 13 0 6 0 0 0
1485 1 7 22 0 6 0 0 0
1486 1 8 2 0 6 0 0 0
1487 1 8 18 0 6 0 0 0
1488 1 8 25 0 6 0 0 0
1489 1 9 3 0 6 0 0 0
1490 1 9 19 0 6 0 0 0
1491 1 9 24 0 6 0 0 0
1492 1 9 26 0 6 0 0 0
1493 1 10 0 0 6 0 0 0
1494 1 10 4 0 6 0 0 0
1495 1 10 16 0 6 0 0 0
1496 1 10 20 0 6 0 0 0
1497 1 10 25 0 6 0 0 0
1498 1 10 27 0 6 0 0 0
1499 1 11 1 0 6 0 0 0
1500 1 11 5 0 6 0 0 0
1501 1 11 17 0 6 0 0 0
1502 1 11 21 0 6 0 0 0
1503 1 11 26 0 6 0 0 0
1504 1 11 28 0 6 0 0 0
1505 1 12 2 0 6 0 0 0
1506 1 12 6 0 6 0 0 0
1507 1 12 18 0 6 0 0 0
1508 1 12 22 0 6 0 0 0
1509 1 12 27 0 6 0 0 0
1510 1 12 29 0 6 0 0 0
1511 1 13 3 0 6 0 0 0
1512 1 13 7 0 6 0 0 0
1513 1 13 19 0 6 0 0 0
1514 1 13 23 0 6 0 0 0
1515 1 13 28 0 6 0 0 0
1516 1 13 30 0 6 0 0 0
1517 1 14 4 0 6 0 0 0
1518 1 14 20 0 6 0 0 0
1519 1 14 29 0 6 0 0 0
1520 1 14 31 0 6 0 0 0
1521 1 15 5 0 6 0 0 0
1522 1 15 21 0 6 0 0 0
1523 1 15 30 0 6 0 0 0
1524 1 16 1 0 6 0 0 0
1525 1 16 10 0 6 0 0 0
1526 1 16 26 0 6 0 0 0
1527 1 16 33 0 6 0 0 0
1528 1 17 0 0 6 0 0 0
1529 1 17 2 0 6 0 0 0
1530 1 17 11 0 6 0 0 0
1531 1 17 27 0 6 0 0 0
1532 1 17 32 0 6 0 0 0
1533 1 17 34 0 6 0 0 0
1534 1 18 1 0 6 0 0 0
1535 1 18 3 0 6 0 0 0
1536 1 18 8 0 6 0 0 0
1537 1 18 12 0 6 0 0 0
1538 1 18 24 0 6 0 0 0
1539 1 18 28 0 6 0 0 0
1540 1 18 33 0 6 0 0 0
1541 1 18 35 0 6 0 0 0
1542 1 19 2 0 6 0 0 0
1543 1 19 4 0 6 0 0 0
1544 1 19 9 0 6 0 0 0
1545 1 19 13 0 6 0 0 0
1546 1 19 25 0 6 0 0 0
1547 1 19 29 0 6 0 0 0
1548 1 19 34 0 6 0 0 0
1549 1 19 36 0 6 0 0 0
1550 1 20 3 0 6 0 0 0
1551 1 20 5 0 6 0 0 0
1552 1 20 10 0 6 0 0 0
1553 1 20 14 0 6 0 0 0
1554 1 20 26 0 6 0 0 0
1555 1 20 30 0 6 0 0 0
1556 1 20 35 0 6 0 0 0
1557 1 20 37 0 6 0 0 0
1558 1 21 4 0 6 0 0 0
1559 1 21 6 0 6 0 0 0
1560 1 21 11 0 6 0 0 0
1561 1 21 15 0 6 0 0 0
1562 1 21 27 0 6 0 0 0
1563 1 21 31 0 6 0 0 0
1564 1 21 36 0 6 0 0 0
1565 1 21 38 0 6 0 0 0
1566 1 22 5 0 6 0 0 0
1567 1 22 7 0 6 0 0 0
1568 1 22 12 0 6 0 0 0
1569 1 22 28 0 6 0 0 0
1570 1 22 37 0 6 0 0 0
1571 1 22 39 0 6 0 0 0
1572 1 23 6 0 6 0 0 0
1573 1 23 13 0 6 0 0 0
1574 1 23 29 0 6 0 0 0
1575 1 23 38 0 6 0 0 0
1576 1 24 9 0 6 0 0 0
1577 1 24 18 0 6 0 0 0
1578 1 24 34 0 6 0 0 0
1579 1 24 41 0 6 0 0 0
1580 1 25 8 0 6 0 0 0
1581 1 25 10 0 6 0 0 0
1582 1 25 19 0 6 0 0 0
1583 1 25 35 0 6 0 0 0
1584 1 25 40 0 6 0 0 0
1585 1 25 42 0 6 0 0 0
1586 1 26 9 0 6 0 0 0
1587 1 26 11 0 6 0 0 0
1588 1 26 16 0 6 0 0 0
1589 1 26 20 0 6 0 0 0
1590 1 26 32 0 6 0 0 0
1591 1 26 36 0 6 0 0 0
1592 1 26 41 0 6 0 0 0
1593 1 26 43 0 6 0 0 0
1594 1 27 10 0 6 0 0 0
1595 1 27 12 0 6 0 0 0
1596 1 27 17 0 6 0 0 0
1597 1 27 21 0 6 0 0 0
1598 1 27 33 0 6 0 0 0
1599 1 27 37 0 6 0 0 0
1600 1 27 42 0 6 0 0 0
1601 1 27 44 0 6 0 0 0
1602 1 28 11 0 6 0 0 0
1603 1 28 13 0 6 0 0 0
1604 1 28 18 0 6 0 0 0
1605 1 28 22 0 6 0 0 0
1606 1 28 34 0 6 0 0 0
1607 1 28 38 0 6 0 0 0
1608 1 28 43 0 6 0 0 0
1609 1 28 45 0 6 0 0 0
1610 1 29 12 0 6 0 0 0
1611 1 29 14 0 6 0 0 0
1612 1 29 19 0 6 0 0 0
1613 1 29 23 0 6 0 0 0
1614 1 29 35 0 6 0 0 0
1615 1 29 39 0 6 0 0 0
1616 1 29 44 0 6 0 0 0
1617 1 29 46 0 6 0 0 0
1618 1 30 13 0 6 0 0 0
1619 1 30 15 0 6 0 0 0
1620 1 30 20 0 6 0 0 0
1621 1 30 36 0 6 0 0 0
1622 1 30 45 0 6 0 0 0
1623 1 30 47 0 6 0 0 0
1624 1 31 14 0 6 0 0 0
1625 1 31 21 0 6 0 0 0
1626 1 31 37 0 6 0 0 0
1627 1 31 46 0 6 0 0 0
1628 1 32 17 0 6 0 0 0
1629 1 32 26 0 6 0 0 0
1630 1 32 42 0 6 0 0 0
1631 1 32 49 0 6 0 0 0
1632 1 33 16 0 6 0 0 0
1633 1 33 18 0 6 0 0 0
1634 1 33 27 0 6 0 0 0
1635 1 33 43 0 6 0 0 0
1636 1 33 48 0 6 0 0 0
1637 1 33 50 0 6 0 0 0
1638 1 34 17 0 6 0 0 0
1639 1 34 19 0 6 0 0 0
1640 1 34 24 0 6 0 0 0
1641 1 34 28 0 6 0 0 0
1642 1 34 40 0 6 0 0 0
1643 1 34 44 0 6 0 0 0
1644 1 34 49 0 6 0 0 0
1645 1 34 51 0 6 0 0 0
1646 1 35 18 0 6 0 0 0
1647 1 35 20 0 6 0 0 0
1648 1 35 25 0 6 0 0 0
1649 1 35 29 0 6 0 0 0
1650 1 35 41 0 6 0 0 0
1651 1 35 45 0 6 0 0 0
1652 1 35 50 0 6 0 0 0
1653 1 35 52 0 6 0 0 0
1654 1 36 19 0 6 0 0 0
1655 1 36 21 0 6 0 0 0
1656 1 36 26 0 6 0 0 0
1657 1 36 30 0 6 0 0 0
1658 1 36 42 0 6 0 0 0
1659 1 36 46 0 6 0 0 0
1660 1 36 51 0 6 0 0 0
1661 1 36 53 0 6 0 0 0
1662 1 37 20 0 6 0 0 0
1663 1 37 22 0 6 0 0 0
1664 1 37 27 0 6 0 0 0
1665 1 37 31 0 6 0 0 0
1666 1 37 43 0 6 0 0 0
1667 1 37 47 0 6 0 0 0
1668 1 37 52 0 6 0 0 0
1669 1 37 54 0 6 0 0 0
1670 1 38 21 0 6 0 0 0
1671 1 38 23 0 6 0 0 0
1672 1 38 28 0 6 0 0 0
1673 1 38 44 0 6 0 0 0
1674 1 38 53 0 6 0 0 0
1675 1 38 55 0 6 0 0 0
1676 1 39 22 0 6 0 0 0
1677 1 39 29 0 6 0 0 0
1678 1 39 45 0 6 0 0 0
1679 1 39 54 0 6 0 0 0
1680 1 40 25 0 6 0 0 0
1681 1 40 34 0 6 0 0 0
1682 1 40 50 0 6 0 0 0
1683 1 40 57 0 6 0 0 0
1684 1 41 24 0 6 0 0 0
1685 1 41 26 0 6 0 0 0
1686 1 41 35 0 6 0 0 0
1687 1 41 51 0 6 0 0 0
1688 1 41 56 0 6 0 0 0
1689 1 41 58 0 6 0 0 0
1690 1 42 25 0 6 0 0 0
1691 1 42 27 0 6 0 0 0
1692 1 42 32 0 6 0 0 0
1693 1 42 36 0 6 0 0 0
1694 1 42 48 0 6 0 0 0
1695 1 42 52 0 6 0 0 0
1696 1 42 57 0 6 0 0 0
1697 1 42 59 0 6 0 0 0
1698 1 43 26 0 6 0 0 0
1699 1 43 28 0 6 0 0 0
1700 1 43 33 0 6 0 0 0
1701 1 43 37 0 6 0 0 0
1702 1 43 49 0 6 0 0 0
1703 1 43 53 0 6 0 0 0
1704 1 43 58 0 6 0 0 0
1705 1 43 60 0 6 0 0 0
1706 1 44 27 0 6 0 0 0
1707 1 44 29 0 6 0 0 0
1708 1 44 34 0 6 0 0 0
1709 1 44 38 0 6 0 0 0
1710 1 44 50 0 6 0 0 0
1711 1 44 54 0 6 0 0 0
1712 1 44 59 0 6 0 0 0
1713 1 44 61 0 6 0 0 0
1714 1 45 28 0 6 0 0 0
1715 1 45 30 0 6 0 0 0
1716 1 45 35 0 6 0 0 0
1717 1 45 39 0 6 0 0 0
1718 1 45 51 0 6 0 0 0
1719 1 45 55 0 6 0 0 0
1720 1 45 60 0 6 0 0 0
1721 1 45 62 0 6 0 0 0
1722 1 46 29 0 6 0 0 0
1723 1 46 31 0 6 0 0 0
1724 1 46 36 0 6 0 0 0
1725 1 46 52 0 6 0 0 0
1726 1 46 61 0 6 0 0 0
1727 1 46 63 0 6 0 0 0
1728 1 47 30 0 6 0 0 0
1729 1 47 37 0 6 0 0 0
1730 1 47 53 0 6 0 0 0
1731 1 47 62 0 6 0 0 0
1732 1 48 33 0 6 0 0 0
1733 1 48 42 0 6 0 0 0
1734 1 48 58 0 6 0 0 0
1735 1 49 32 0 6 0 0 0
1736 1 49 34 0 6 0 0 0
1737 1 49 43 0 6 0 0 0
1738 1 49 59 0 6 0 0 0
1739 1 50 33 0 6 0 0 0
1740 1 50 35 0 6 0 0 0
1741 1 50 40 0 6 0 0 0
1742 1 50 44 0 6 0 0 0
1743 1 50 56 0 6 0 0 0
1744 1 50 60 0 6 0 0 0
1745 1 51 34 0 6 0 0 0
1746 1 51 36 0 6 0 0 0
1747 1 51 41 0 6 0 0 0
1748 1 51 45 0 6 0 0 0
1749 1 51 57 0 6 0 0 0
1750 1 51 61 0 6 0 0 0
1751 1 52 35 0 6 0 0 0
1752 1 52 37 0 6 0 0 0
1753 1 52 42 0 6 0 0 0
1754 1 52 46 0 6 0 0 0
1755 1 52 58 0 6 0 0 0
1756 1 52 62 0 6 0 0 0
1757 1 53 36 0 6 0 0 0
1758 1 53 38 0 6 0 0 0
1759 1 53 43 0 6 0 0 0
1760 1 53 47 0 6 0 0 0
1761 1 53 59 0 6 0 0 0
1762 1 53 63 0 6 0 0 0
1763 1 54 37 0 6 0 0 0
1764 1 54 39 0 6 0 0 0
1765 1 54 44 0 6 0 0 0
1766 1 54 60 0 6 0 0 0
1767 1 55 38 0 6 0 0 0
1768 1 55 45 0 6 0 0 0
1769 1 55 61 0 6 0 0 0
1770 1 56 41 0 6 0 0 0
1771 1 56 50 0 6 0 0 0
1772 1 57 40 0 6 0 0 0
1773 1 57 42 0 6 0 0 0
1774 1 57 51 0 6 0 0 0
1775 1 58 41 0 6 0 0 0
1776 1 58 43 0 6 0 0 0
1777 1 58 48 0 6 0 0 0
1778 1 58 52 0 6 0 0 0
1779 1 59 42 0 6 0 0 0
1780 1 59 44 0 6 0 0 0
1781 1 59 49 0 6 0 0 0
1782 1 59 53 0 6 0 0 0
1783 1 60 43 0 6 0 0 0
1784 1 60 45 0 6 0 0 0
1785 1 60 50 0 6 0 0 0
1786 1 60 54 0 6 0 0 0
1787 1 61 44 0 6 0 0 0
1788 1 61 46 0 6 0 0 0
1789 1 61 51 0 6 0 0 0
1790 1 61 55 0 6 0 0 0
1791 1 62 45 0 6 0 0 0
1792 1 62 47 0 6 0 0 0
1793 1 62 52 0 6 0 0 0
1794 1 63 46 0 6 0 0 0
1795 1 63 53 0 6 0 0 0
1796 0 48 56 0 1 0 0 0
1797 0 48 57 1 1 0 0 0
1798 0 48 56 0 2 0 0 0
1799 0 48 57 1 2 0 0 0
1800 0 48 56 0 3 0 0 0
1801 0 48 57 1 3 0 0 0
1802 0 48 56 0 4 0 0 0
1803 0 48 57 1 4 0 0 0
1804 0 49 57 0 1 0 0 0
1805 0 49 56 1 1 0 0 0
1806 0 49 58 1 1 0 0 0
1807 0 49 57 0 2 0 0 0
1808 0 49 56 1 2 0 0 0
1809 0 49 58 1 2 0 0 0
1810 0 49 57 0 3 0 0 0
1811 0 49 56 1 3 0 0 0
1812 0 49 58 1 3 0 0 0
1813 0 49 57 0 4 0 0 0
1814 0 49 56 1 4 0 0 0
1815 0 49 58 1 4 0 0 0
1816 0 50 58 0 1 0 0 0
1817 0 50 57 1 1 0 0 0
1818 0 50 59 1 1 0 0 0
1819 0 50 58 0 2 0 0 0
1820 0 50 57 1 2 0 0 0
1821 0 50 59 1 2 0 0 0
1822 0 50 58 0 3 0 0 0
1823 0 50 57 1 3 0 0 0
1824 0 50 59 1 3 0 0 0
1825 0 50 58 0 4 0 0 0
1826 0 50 57 1 4 0 0 0
1827 0 50 59 1 4 0 0 0
1828 0 51 59 0 1 0 0 0
1829 0 51 58 1 1 0 0 0
1830 0 51 60 1 1 0 0 0
1831 0 51 59 0 2 0 0 0
1832 0 51 58 1 2 0 0 0
1833 0 51 60 1 2 0 0 0
1834 0 51 59 0 3 0 0 0
1835 0 51 58 1 3 0 0 0
1836 0 51 60 1 3 0 0 0
1837 0 51 59 0 4 0 0 0
1838 0 51 58 1 4 0 0 0
1839 0 51 60 1 4 0 0 0
1840 0 52 60 0 1 0 0 0
1841 0 52 59 1 1 0 0 0
1842 0 52 61 1 1 0 0 0
1843 0 52 60 0 2 0 0 0
1844 0 52 59 1 2 0 0 0
1845 0 52 61 1 2 0 0 0
1846 0 52 60 0 3 0 0 0
1847 0 52 59 1 3 0 0 0
1848 0 52 61 1 3 0 0 0
1849 0 52 60 0 4 0 0 0
1850 0 52 59 1 4 0 0 0
1851 0 52 61 1 4 0 0 0
1852 0 53 61 0 1 0 0 0
1853 0 53 60 1 1 0 0 0
1854 0 53 62 1 1 0 0 0
1855 0 53 61 0 2 0 0 0
1856 0 53 60 1 2 0 0 0
1857 0 53 62 1 2 0 0 0
1858 0 53 61 0 3 0 0 0
1859 0 53 60 1 3 0 0 0
1860 0 53 62 1 3 0 0 0
1861 0 53 61 0 4 0 0 0
1862 0 53 60 1 4 0 0 0
1863 0 53 62 1 4 0 0 0
1864 0 54 62 0 1 0 0 0
1865 0 54 61 1 1 0 0 0
1866 0 54 63 1 1 0 0 0
1867 0 54 62 0 2 0 0 0
1868 0 54 61 1 2 0 0 0
1869 0 54 63 1 2 0 0 0
1870 0 54 62 0 3 0 0 0
1871 0 54 61 1 3 0 0 0
1872 0 54 63 1 3 0 0 0
1873 0 54 62 0 4 0 0 0
1874 0 54 61 1 4 0 0 0
1875 0 54 63 1 4 0 0 0
1876 0 55 63 0 1 0 0 0
1877 0 55 62 1 1 0 0 0
1878 0 55 63 0 2 0 0 0
1879 0 55 62 1 2 0 0 0
1880 0 55 63 0 3 0 0 0
1881 0 55 62 1 3 0 0 0
1882 0 55 63 0 4 0 0 0
1883 0 55 62 1 4 0 0 0
1884 0 8 0 0 1 0 0 0
1885 0 8 1 1 1 0 0 0
1886 0 8 0 0 2 0 0 0
1887 0 8 1 1 2 0 0 0
1888 0 8 0 0 3 0 0 0
1889 0 8 1 1 3 0 0 0
1890 0 8 0 0 4 0 0 0
1891 0 8 1 1 4 0 0 0
1892 0 9 1 0 1 0 0 0
1893 0 9 0 1 1 0 0 0
1894 0 9 2 1 1 0 0 0
1895 0 9 1 0 2 0 0 0
1896 0 9 0 1 2 0 0 0
1897 0 9 2 1 2 0 0 0
1898 0 9 1 0 3 0 0 0
1899 0 9 0 1 3 0 0 0
1900 0 9 2 1 3 0 0 0
1901 0 9 1 0 4 0 0 0
1902 0 9 0 1 4 0 0 0
1903 0 9 2 1 4 0 0 0
1904 0 10 2 0 1 0 0 0
1905 0 10 1 1 1 0 0 0
1906 0 10 3 1 1 0 0 0
1907 0 10 2 0 2 0 0 0
1908 0 10 1 1 2 0 0 0
1909 0 10 3 1 2 0 0 0
1910 0 10 2 0 3 0 0 0
1911 0 10 1 1 3 0 0 0
1912 0 10 3 1 3 0 0 0
1913 0 10 2 0 4 0 0 0
1914 0 10 1 1 4 0 0 0
1915 0 10 3 1 4 0 0 0
1916 0 11 3 0 1 0 0 0
1917 0 11 2 1 1 0 0 0
1918 0 11 4 1 1 0 0 0
1919 0 11 3 0 2 0 0 0
1920 0 11 2 1 2 0 0 0
1921 0 11 4 1 2 0 0 0
1922 0 11 3 0 3 0 0 0
1923 0 11 2 1 3 0 0 0
1924 0 11 4 1 3 0 0 0
1925 0 11 3 0 4 0 0 0
1926 0 11 2 1 4 0 0 0
1927 0 11 4 1 4 0 0 0
1928 0 12 4 0 1 0 0 0
1929 0 12 3 1 1 0 0 0
1930 0 12 5 1 1 0 0 0
1931 0 12 4 0 2 0 0 0
1932 0 12 3 1 2 0 0 0
1933 0 12 5 1 2 0 0 0
1934 0 12 4 0 3 0 0 0
1935 0 12 3 1 3 0 0 0
1936 0 12 5 1 3 0 0 0
1937 0 12 4 0 4 0 0 0
1938 0 12 3 1 4 0 0 0
1939 0 12 5 1 4 0 0 0
1940 0 13 5 0 1 0 0 0
1941 0 13 4 1 1 0 0 0
1942 0 13 6 1 1 0 0 0
1943 0 13 5 0 2 0 0 0
1944 0 13 4 1 2 0 0 0
1945 0 13 6 1 2 0 0 0
1946 0 13 5 0 3 0 0 0
1947 0 13 4 1 3 0 0 0
1948 0 13 6 1 3 0 0 0
1949 0 13 5 0 4 0 0 0
1950 0 13 4 1 4 0 0 0
1951 0 13 6 1 4 0 0 0
1952 0 14 6 0 1 0 0 0
1953 0 14 5 1 1 0 0 0
1954 0 14 7 1 1 0 0 0
1955 0 14 6 0 2 0 0 0
1956 0 14 5 1 2 0 0 0
1957 0 14 7 1 2 0 0 0
1958 0 14 6 0 3 0 0 0
1959 0 14 5 1 3 0 0 0
1960 0 14 7 1 3 0 0 0
1961 0 14 6 0 4 0 0 0
1962 0 14 5 1 4 0 0 0
1963 0 14 7 1 4 0 0 0
1964 0 15 7 0 1 0 0 0
1965 0 15 6 1 1 0 0 0
1966 0 15 7 0 2 0 0 0
1967 0 15 6 1 2 0 0 0
1968 0 15 7 0 3 0 0 0
1969 0 15 6 1 3 0 0 0
1970 0 15 7 0 4 0 0 0
1971 0 15 6 1 4 0 0 0
